0    0.051656872034072876 0.29652529954910278  -9.2249965667724609         -4.4229254722595215 2.5526885986328125 0.58370018005371094 
1    0.049206823110580444 0.3125913143157959  -9.8606719970703125         -4.3246870040893555 -3.6494853496551514 2.6454801559448242 
2    0.073681354522705078 0.58165860176086426  -7.8131623268127441         -4.6084957122802734 0.38916826248168945 0.90711069107055664 
3    0.084117859601974487 0.54055690765380859  -0.8054732084274292         3.2696342468261719 2.6958136558532715 2.761683464050293 
4    0.093543708324432373 0.69943207502365112  -2.104262113571167         -2.8208205699920654 -3.1719417572021484 -1.608424186706543 
5    0.093328863382339478 0.74523961544036865  -5.1382555961608887         1.4117980003356934 0.45781850814819336 4.3045501708984375 
6    0.098323941230773926 0.7136540412902832  -10.006100654602051         -2.8179006576538086 4.8263940811157227 2.354710578918457 
7    0.1144406795501709 0.32084771990776062  -4.9424099922180176         -0.13697624206542969 -3.9147200584411621 -1.3670194149017334 
8    0.10707977414131165 0.64302778244018555  -1.8787344694137573         -2.8340640068054199 -3.0565276145935059 -1.6914191246032715 
9    0.11403551697731018 0.6810346245765686  -5.3483409881591797         -0.42522430419921875 -1.7565977573394775 2.3314838409423828 
10    0.10961711406707764 0.73792189359664917  -6.5925054550170898         -4.5355048179626465 -3.62638258934021 0.30038261413574219 
11    0.12152400612831116 0.19231748580932617  -9.2639102935791016         -4.2312078475952148 -3.5116894245147705 2.3527755737304688 
12    0.11752015352249146 0.5704987645149231  -8.5881872177124023         1.1579370498657227 -4.9970588684082031 0.36433124542236328 
13    0.12144255638122559 0.58319276571273804  -5.9139862060546875         1.1329126358032227 -1.0572738647460938 -3.4763102531433105 
14    0.11949893832206726 0.64735877513885498  -9.75494384765625         -4.7326936721801758 2.4931149482727051 0.93642902374267578 
15    0.13446328043937683 0.65447968244552612  -9.2864141464233398         -2.8267495632171631 -1.0039143562316895 4.1532373428344727 
16    0.13751757144927979 0.44133156538009644  -3.1587610244750977         -0.5279240608215332 0.92733860015869141 1.9204559326171875 
17    0.14125359058380127 0.82651722431182861  -11.412415504455566         3.3640079498291016 -3.6803584098815918 4.549952507019043 
18    0.15043702721595764 0.60572510957717896  -10.329788208007812         -2.9114329814910889 4.9153499603271484 2.6474151611328125 
19    0.17102962732315063 0.44380244612693787  -8.2515554428100586         1.8447761535644531 -4.1513853073120117 0.86635398864746094 
20    0.17622882127761841 0.45283108949661255  -9.4808273315429688         -4.2075152397155762 -2.1547713279724121 2.9688830375671387 
21    0.18432959914207458 0.34497946500778198  -3.5701560974121094         -2.0073432922363281 -4.0645885467529297 -1.4119915962219238 
22    0.17822575569152832 0.42320436239242554  -11.138242721557617         -4.408449649810791 4.1398401260375977 1.1922836303710938 
23    0.18281951546669006 0.66886800527572632  -6.5967502593994141         -0.66227149963378906 -1.7806310653686523 3.1263504028320312 
24    0.18208619952201843 0.75429582595825195  -8.1286563873291016         -0.56664371490478516 2.4371094703674316 -3.8979554176330566 
25    0.18088552355766296 0.84788131713867188  -8.5057153701782227         3.0969314575195312 0.69840049743652344 -3.4569253921508789 
26    0.19484898447990417 0.15170258283615112  -8.7642593383789062         -0.36635589599609375 4.7962656021118164 -1.6622457504272461 
27    0.19281044602394104 0.22864976525306702  -6.8384575843811035         -0.5035247802734375 -3.0333881378173828 2.296257495880127 
28    0.20395222306251526 0.10683739185333252  -8.8197612762451172         -4.2710456848144531 2.5724239349365234 -1.4344193935394287 
29    0.20343777537345886 0.26454734802246094  -8.8660697937011719         3.5921697616577148 -3.0336134433746338 1.9865655899047852 
30    0.19784143567085266 0.3973219096660614  -5.0186381340026855         1.6507048606872559 -1.9369287490844727 1.2098236083984375 
31    0.20169961452484131 0.41966938972473145  -7.750460147857666         3.2444429397583008 -2.7981653213500977 0.16287088394165039 
32    0.20501062273979187 0.53833538293838501  -5.0611801147460938         1.0301108360290527 -2.8376789093017578 -1.5816032886505127 
33    0.20076438784599304 0.64471125602722168  -9.6424083709716797         -5 -2.867072582244873 2.3098564147949219 
34    0.21691915392875671 0.53939801454544067  -5.1004366874694824         -4.9563794136047363 -0.9939117431640625 -3.2672193050384521 
35    0.21337607502937317 0.63389754295349121  -11.592257499694824         -4.2347826957702637 3.9215011596679688 -3.529533863067627 
36    0.21450001001358032 0.73307931423187256  -12.149374008178711         -4.5050373077392578 -3.6656932830810547 4.0860776901245117 
37    0.22596991062164307 0.31953990459442139  -5.4156103134155273         4.0700798034667969 -0.099480152130126953 2.5627279281616211 
38    0.22569772601127625 0.40156015753746033  -7.2703628540039062         -2.6326587200164795 0.69479227066040039 -4.943413257598877 
39    0.21833780407905579 0.56617343425750732  -8.2346324920654297         -0.28550338745117188 4.2243165969848633 -1.9882969856262207 
40    0.23631113767623901 0.12510156631469727  -5.3808484077453613         3.660801887512207 0.64432573318481445 4.6778125762939453 
41    0.22990310192108154 0.23329469561576843  -6.5632534027099609         0.058578968048095703 0.038356781005859375 4.4801864624023438 
42    0.23410961031913757 0.53496408462524414  -10.347238540649414         -4.0621528625488281 3.8374538421630859 -1.5311870574951172 
43    0.24006426334381104 0.39298802614212036  -1.5160161256790161         -0.31189632415771484 -1.3198935985565186 -0.28123855590820312 
44    0.24372568726539612 0.56851565837860107  -5.6634540557861328         -2.4979114532470703 1.8934078216552734 -0.70418548583984375 
45    0.24040934443473816 0.6452707052230835  -5.2068843841552734         -0.9367828369140625 -4.7793698310852051 -3.9926786422729492 
46    0.23866033554077148 0.81062281131744385  -10.068934440612793         -4.9196629524230957 2.549006462097168 0.90979528427124023 
47    0.25310742855072021 0.31630218029022217  -7.9796085357666016         3.7225780487060547 -1.8890655040740967 3.2435617446899414 
48    0.25350421667098999 0.41641628742218018  -2.4774153232574463         3.2371482849121094 4.9026851654052734 4.9172029495239258 
49    0.2528541088104248 0.44589295983314514  -4.2083883285522461         -0.91607904434204102 -0.73233461380004883 -3.6614086627960205 
50    0.25420358777046204 0.51412981748580933  -7.7382850646972656         -0.12468290328979492 2.0592355728149414 -3.903592586517334 
51    0.25278946757316589 0.72363841533660889  -6.677640438079834         -0.44268035888671875 -4.1522078514099121 0.86650276184082031 
52    0.26391780376434326 0.51050448417663574  -10.631965637207031         -2.1278645992279053 -2.3461928367614746 4.939579963684082 
53    0.26691991090774536 0.68743991851806641  -7.2033390998840332         -2.503547191619873 -0.19036388397216797 3.0853147506713867 
54    0.26088672876358032 0.73372429609298706  -2.8690328598022461         -2.404346227645874 -3.9158613681793213 -1.7319798469543457 
55    0.2773934006690979 0.17612200975418091  -10.657670974731445         -4.1154613494873047 4.1159172058105469 -0.98581981658935547 
56    0.27710771560668945 0.33458375930786133  -2.7361276149749756         1.8060040473937988 3.8859529495239258 3.2567653656005859 
57    0.27596586942672729 0.41386938095092773  -10.587996482849121         0.077147006988525391 -4.0446562767028809 4.2107677459716797 
58    0.27118104696273804 0.50718474388122559  -7.4490914344787598         -4.049379825592041 -4.346930980682373 0.82514333724975586 
59    0.27114075422286987 0.65409302711486816  -8.2286605834960938         -2.249922513961792 3.7623538970947266 2.695763111114502 
60    0.27426046133041382 0.74504321813583374  -2.4385273456573486         -0.9747161865234375 -2.8734245300292969 -2.0102119445800781 
61    0.27077314257621765 0.82297539710998535  -1.8047115802764893         -1.0290861129760742 -0.9946446418762207 0.20637798309326172 
62    0.277202308177948 0.90146005153656006  -8.7993335723876953         -2.9539809226989746 -3.4270713329315186 2.736968994140625 
63    0.27283328771591187 0.90558278560638428  -8.7916841506958008         3.0563497543334961 -1.2228884696960449 -3.720919132232666 
64    0.28565001487731934 0.4567948579788208  -9.9986429214477539         -0.90692281723022461 -4.9561209678649902 2.8378067016601562 
65    0.27924835681915283 0.51968991756439209  -5.2826728820800781         -0.51901578903198242 -1.911081075668335 -4.572206974029541 
66    0.28645062446594238 0.54100149869918823  -5.6724481582641602         0.96673011779785156 1.047022819519043 4.8364934921264648 
67    0.27924260497093201 0.59929931163787842  -8.1357707977294922         -2.8451418876647949 2.6651434898376465 -2.811568021774292 
68    0.28701883554458618 0.71097588539123535  -9.2798776626586914         -2.78509521484375 4.2470731735229492 -0.74403715133666992 
69    0.28595960140228271 0.92840027809143066  -9.8056869506835938         1.194495677947998 4.3208017349243164 -3.2846593856811523 
70    0.28765147924423218 0.95229744911193848  -6.9041562080383301         1.1537384986877441 -3.5277681350708008 -3.4883918762207031 
71    0.29176628589630127 0.10297039151191711  -5.8054728507995605         2.025001049041748 -1.7156381607055664 2.3620948791503906 
72    0.29091554880142212 0.12322446703910828  -8.0135049819946289         1.6146655082702637 4.8154315948486328 -1.4320394992828369 
73    0.29407984018325806 0.29517364501953125  -4.4586524963378906         3.9106063842773438 0.4582219123840332 1.8311667442321777 
74    0.29164043068885803 0.30454075336456299  -7.9352521896362305         3.7306556701660156 -1.833026647567749 3.2927742004394531 
75    0.29396641254425049 0.62559854984283447  -5.4969301223754883         1.7696609497070312 -2.3245501518249512 0.82029390335083008 
76    0.29387539625167847 0.68646752834320068  -3.788402795791626         -0.83206939697265625 -1.5912632942199707 1.2604670524597168 
77    0.29878965020179749 0.21530097723007202  -4.2340364456176758         1.9157052040100098 1.9967718124389648 -0.90187835693359375 
78    0.30153867602348328 0.34568420052528381  -11.550093650817871         -3.9573814868927002 -0.31819725036621094 4.9961080551147461 
79    0.29835152626037598 0.39324876666069031  -6.3501787185668945         -0.18561553955078125 4.3985519409179688 3.7266368865966797 
80    0.30797088146209717 0.42477208375930786  -5.9043951034545898         2.0761575698852539 -2.3957755565643311 -1.1066315174102783 
81    0.30667683482170105 0.53009647130966187  -8.2441463470458984         3.4294204711914062 2.5534076690673828 -2.5234029293060303 
82    0.30086570978164673 0.74764561653137207  -4.4380440711975098         -0.41472291946411133 -0.16754865646362305 -3.2802133560180664 
83    0.30420729517936707 0.85378825664520264  -9.8231382369995117         -2.9324359893798828 4.4435081481933594 -1.0312466621398926 
84    0.30152669548988342 0.88428139686584473  -7.6669325828552246         -3.0682165622711182 2.8799633979797363 0.42131471633911133 
85    0.30734872817993164 0.895854651927948  -5.567716121673584         -0.96150779724121094 -3.4844663143157959 0.83643627166748047 
86    0.31817221641540527 0.06839144229888916  -5.8622331619262695         -4.2181801795959473 -1.2445781230926514 0.27481174468994141 
87    0.31798666715621948 0.09973415732383728  -6.7762689590454102         -0.14356899261474609 4.7040328979492188 4.1000070571899414 
88    0.30829441547393799 0.18134984374046326  -10.360563278198242         -2.4629104137420654 -2.9416396617889404 4.2812671661376953 
89    0.31091946363449097 0.35522860288619995  -6.5129313468933105         1.1803178787231445 -2.7361690998077393 -3.5772578716278076 
90    0.31400576233863831 0.47976788878440857  -8.4961452484130859         3.8558120727539062 -1.8667945861816406 3.8843193054199219 
91    0.31334194540977478 0.4903680682182312  -8.1389856338500977         -2.7041776180267334 2.7633213996887207 -2.7602427005767822 
92    0.31729960441589355 0.51365488767623901  -4.8128271102905273         1.5079565048217773 -0.27788543701171875 3.4732303619384766 
93    0.30841946601867676 0.55061256885528564  -4.6926608085632324         -0.36613655090332031 -2.4142518043518066 1.2355093955993652 
94    0.30844035744667053 0.67843985557556152  -6.2905664443969727         -0.91471385955810547 -4.761085033416748 -0.20229959487915039 
95    0.3101080060005188 0.80021125078201294  -2.9935071468353271         0.88011550903320312 2.8435091972351074 0.7688446044921875 
96    0.31992077827453613 0.055089801549911499  -7.9055075645446777         -2.0117397308349609 2.3646955490112305 -3.5825576782226562 
97    0.31940048933029175 0.14787164330482483  -11.118535041809082         4.1047897338867188 -4.0024948120117188 2.7098588943481445 
98    0.32258319854736328 0.21275457739830017  -2.6801800727844238         -0.0034198760986328125 -2.0898556709289551 -0.94509363174438477 
99    0.32653433084487915 0.25600704550743103  -10.407952308654785         3.7413177490234375 0.99718666076660156 -4.2445816993713379 
100    0.32807272672653198 0.32377135753631592  -7.8099822998046875         0.14752769470214844 2.0592355728149414 -3.903592586517334 
101    0.32425355911254883 0.33042788505554199  -7.1997160911560059         1.710963249206543 3.0050067901611328 -2.3725996017456055 
102    0.32197442650794983 0.37017416954040527  -8.7366447448730469         -2.6650552749633789 -3.1002368927001953 3.0046110153198242 
103    0.3260284960269928 0.56525504589080811  -1.8699960708618164         2.8044872283935547 3.4066667556762695 4.2555437088012695 
104    0.32406178116798401 0.59559053182601929  -5.0769691467285156         -0.64272212982177734 -1.9269921779632568 -4.5275812149047852 
105    0.32346081733703613 0.70060014724731445  -12.515949249267578         -4.4870767593383789 3.7189874649047852 -4.9577469825744629 
106    0.32229351997375488 0.77304017543792725  -8.5658416748046875         -4.5390477180480957 1.8338227272033691 -3.0830049514770508 
107    0.325682133436203 0.79916894435882568  -5.1431493759155273         0.92154788970947266 -1.2807919979095459 -3.0818510055541992 
108    0.33619403839111328 0.29018202424049377  -7.2951836585998535         0.035367012023925781 -4.2716813087463379 1.0993380546569824 
109    0.3302619457244873 0.3317408561706543  -7.6288161277770996         1.244652271270752 -4.7032151222229004 -1.6778848171234131 
110    0.33442360162734985 0.35630184412002563  -8.7291793823242188         1.8431425094604492 -4.2876009941101074 1.3376288414001465 
111    0.32915031909942627 0.45939737558364868  -2.1307828426361084         1.9253664016723633 3.5326833724975586 3.0930280685424805 
112    0.33690851926803589 0.5242990255355835  -10.547612190246582         -4.5001120567321777 -1.8858704566955566 3.5597257614135742 
113    0.33494037389755249 0.60519301891326904  -8.612492561340332         3.5579376220703125 -2.4237778186798096 3.2098188400268555 
114    0.32969555258750916 0.67778152227401733  -11.152453422546387         -4.5395140647888184 3.6998710632324219 -2.826812744140625 
115    0.34032523632049561 0.1943766176700592  -9.0395307540893555         3.6243448257446289 -2.8893246650695801 -1.9639694690704346 
116    0.34274989366531372 0.38161656260490417  -7.7846808433532715         -1.9271063804626465 3.575836181640625 3.0422639846801758 
117    0.33930215239524841 0.64112967252731323  -7.0441513061523438         -4.6417694091796875 0.48759841918945312 -0.3767247200012207 
118    0.35064172744750977 0.025148898363113403  -12.446024894714355         -4.103116512298584 -3.5260725021362305 4.5745534896850586 
119    0.3521924614906311 0.2985798716545105  -9.9647493362426758         -3.6959552764892578 3.8349733352661133 -1.585026741027832 
120    0.35849329829216003 0.43270596861839294  -3.1212723255157471         1.0405712127685547 3.4725580215454102 2.1787519454956055 
121    0.34949314594268799 0.58563113212585449  -10.644985198974609         -4.6012778282165527 -1.7722163200378418 3.5706987380981445 
122    0.35076415538787842 0.60893446207046509  -7.1409716606140137         1.9087200164794922 3.7872476577758789 -1.6911334991455078 
123    0.3535427451133728 0.74960821866989136  -5.9916791915893555         0.91514062881469727 -3.2846648693084717 -2.9566998481750488 
124    0.35333791375160217 0.88217419385910034  -8.9458742141723633         -4.8143386840820312 2.1519021987915039 -1.0273885726928711 
125    0.35098278522491455 0.97670888900756836  -9.8842372894287109         -4.9227032661437988 2.5333504676818848 0.49365472793579102 
126    0.36220866441726685 0.13554131984710693  -6.8539938926696777         -0.18109941482543945 2.3721609115600586 -2.970142126083374 
127    0.36404794454574585 0.20315501093864441  -3.0290181636810303         -0.51689624786376953 -2.8768725395202637 -1.6183974742889404 
128    0.36275243759155273 0.24063917994499207  -6.8156766891479492         -4.0398974418640137 -2.102802038192749 1.2142047882080078 
129    0.36558091640472412 0.35619732737541199  -8.4903573989868164         3.7633819580078125 2.4975161552429199 -2.49676513671875 
130    0.35882478952407837 0.38113111257553101  -11.73056697845459         4.376953125 -4.3190574645996094 2.4836273193359375 
131    0.36178070306777954 0.40918236970901489  -5.807431697845459         3.8459386825561523 1.4878649711608887 -0.68077611923217773 
132    0.36613261699676514 0.50102519989013672  -8.3850011825561523         3.4741706848144531 -2.932586669921875 1.3985390663146973 
133    0.35926374793052673 0.54884082078933716  -1.7301692962646484         -1.3973555564880371 -2.6037282943725586 -1.4776992797851562 
134    0.36678823828697205 0.60374945402145386  -7.4526519775390625         1.7267899513244629 -1.9993281364440918 -3.9977660179138184 
135    0.36659106612205505 0.64443302154541016  -5.7019405364990234         -0.74368953704833984 2.4730768203735352 3.5223360061645508 
136    0.36143290996551514 0.78695583343505859  -1.2373180389404297         1.3733282089233398 2.3254494667053223 1.9840402603149414 
137    0.36086055636405945 0.79782158136367798  -4.6594629287719727         -0.9079742431640625 2.2852044105529785 -0.81190204620361328 
138    0.3588750958442688 0.92837035655975342  -5.6639218330383301         -0.96150779724121094 -3.5557117462158203 0.83643627166748047 
139    0.36019796133041382 0.95600497722625732  -9.1536083221435547         -4.869938850402832 -1.4449796676635742 2.265200138092041 
140    0.37786093354225159 0.4409184455871582  -8.4919652938842773         -4.1989984512329102 -3.8857870101928711 1.6852788925170898 
141    0.36999586224555969 0.51717334985733032  -5.0814409255981445         -0.36757183074951172 -1.8986935615539551 -4.2977390289306641 
142    0.37243902683258057 0.55064553022384644  -5.941899299621582         1.6507048606872559 -2.5637187957763672 1.2098236083984375 
143    0.3734365701675415 0.60963737964630127  -3.1616084575653076         1.2807421684265137 3.3494672775268555 3.4760551452636719 
144    0.37170341610908508 0.64889758825302124  -3.3475110530853271         -2.56878662109375 -2.4162788391113281 -4.7490348815917969 
145    0.37290602922439575 0.72848308086395264  -9.2979288101196289         3.6386470794677734 1.7556571960449219 -3.3656778335571289 
146    0.38121578097343445 0.41209083795547485  -4.9907398223876953         0.33975887298583984 1.8053579330444336 4.194331169128418 
147    0.38187748193740845 0.46498703956604004  -6.3070063591003418         2.3667483329772949 3.4631175994873047 -1.2365999221801758 
148    0.38855981826782227 0.66750192642211914  -2.21954345703125         -0.8049015998840332 -1.8296217918395996 -2.5249943733215332 
149    0.38389527797698975 0.68323975801467896  -4.6143660545349121         0.88213253021240234 3.3833742141723633 -0.10688972473144531 
150    0.38266447186470032 0.90539419651031494  -4.6724658012390137         0.94103431701660156 4.5828723907470703 2.8452038764953613 
151    0.38133132457733154 0.95684552192687988  -9.7886314392089844         -3.0542359352111816 0.67585992813110352 4.5772876739501953 
152    0.39337927103042603 0.27928933501243591  -8.5590181350708008         1.3377814292907715 -4.8003740310668945 0.5366058349609375 
153    0.39361941814422607 0.34384816884994507  -11.308977127075195         4.3857212066650391 -4.1693935394287109 -1.7410826683044434 
154    0.39746174216270447 0.4062386155128479  -4.1500921249389648         2.5391077995300293 -0.34858512878417969 2.3596935272216797 
155    0.38945460319519043 0.43212756514549255  -3.745786190032959         2.6891846656799316 1.5281000137329102 4.4294700622558594 
156    0.39613229036331177 0.49079087376594543  -10.783713340759277         -4.223602294921875 2.0223913192749023 3.7740077972412109 
157    0.39391019940376282 0.5018342137336731  -5.4745697975158691         -1.7238330841064453 1.7358546257019043 2.1711940765380859 
158    0.39455527067184448 0.59941864013671875  -6.3265595436096191         -1.2780618667602539 3.5059404373168945 0.072610378265380859 
159    0.40823572874069214 0.24125388264656067  -5.9164223670959473         1.7614383697509766 -2.8382179737091064 -0.23457002639770508 
160    0.40036994218826294 0.32022374868392944  -5.8204011917114258         -0.35327625274658203 3.3880472183227539 3.7417879104614258 
161    0.40279239416122437 0.37995445728302002  -2.4380407333374023         -3.4632506370544434 -2.3536679744720459 -1.5717551708221436 
162    0.40024346113204956 0.42085829377174377  -6.6300458908081055         -0.34835529327392578 -4.9994649887084961 -4.6277790069580078 
163    0.40025848150253296 0.45355495810508728  -7.5772781372070312         -1.2403130531311035 -0.41916894912719727 4.2370586395263672 
164    0.40087699890136719 0.53711402416229248  -7.3674712181091309         -1.4960837364196777 -2.6776256561279297 2.7815651893615723 
165    0.40358322858810425 0.60775816440582275  -6.5940752029418945         -4.0464029312133789 -4.2763605117797852 0.2867274284362793 
166    0.40686067938804626 0.64476501941680908  -4.7531614303588867         -0.80854177474975586 -2.4617047309875488 -4.5076227188110352 
167    0.41814222931861877 0.36281779408454895  -5.6973538398742676         2.4521546363830566 -0.19300651550292969 4.2202463150024414 
168    0.41701602935791016 0.37972468137741089  -4.4397726058959961         0.29646396636962891 -0.50933122634887695 -3.0219821929931641 
169    0.41719228029251099 0.40306472778320312  -5.4588837623596191         -4.0556812286376953 -3.9112305641174316 -0.29953765869140625 
170    0.40934690833091736 0.46855330467224121  -4.2645230293273926         2.7306852340698242 -0.38655900955200195 2.1740531921386719 
171    0.41429358720779419 0.47772181034088135  -9.0867156982421875         -2.2937145233154297 3.9565143585205078 3.7206306457519531 
172    0.41144323348999023 0.50375658273696899  -4.2275295257568359         2.7306852340698242 -0.38655900955200195 2.0998287200927734 
173    0.41381499171257019 0.57228326797485352  -1.7367813587188721         2.2790040969848633 1.392855167388916 2.7227063179016113 
174    0.41652223467826843 0.61407476663589478  -2.5414032936096191         -0.22138118743896484 -0.13430643081665039 -1.8922362327575684 
175    0.42476081848144531 0.030730158090591431  -11.792579650878906         -4.1576547622680664 4.5999860763549805 2.646820068359375 
176    0.42895001173019409 0.05633893609046936  -11.901129722595215         4.0700874328613281 4.4354972839355469 -3.7770602703094482 
177    0.42298787832260132 0.28980609774589539  -9.03082275390625         4.29864501953125 -2.3680620193481445 2.9277462959289551 
178    0.42326277494430542 0.29844915866851807  -9.9246273040771484         -2.0277042388916016 4.4939460754394531 -2.3739371299743652 
179    0.42641985416412354 0.31630450487136841  -5.6994328498840332         0.11861085891723633 2.2362346649169922 -2.2059879302978516 
180    0.42088711261749268 0.37847152352333069  -14.148648262023926         -4.8838381767272949 -4.7449188232421875 4.7385578155517578 
181    0.42329451441764832 0.37963014841079712  -10.10277271270752         -4.0683069229125977 -2.6265964508056641 3.3590841293334961 
182    0.41940376162528992 0.42598402500152588  -9.4392375946044922         2.3251681327819824 -4.1384148597717285 -3.9547271728515625 
183    0.42591419816017151 0.65532779693603516  -4.2544817924499512         -2.3726913928985596 -0.45928430557250977 0.93072175979614258 
184    0.42836055159568787 0.74345475435256958  -8.6460351943969727         -2.8690013885498047 -2.0122113227844238 3.3501739501953125 
185    0.43207204341888428 0.11420229077339172  -9.4320764541625977         -4.0164704322814941 2.6810793876647949 1.9628696441650391 
186    0.43903213739395142 0.19741374254226685  -5.5669665336608887         -1.8866312503814697 2.431002140045166 -0.11354398727416992 
187    0.43063661456108093 0.29112190008163452  -2.5900850296020508         0.30224800109863281 2.0482182502746582 2.0541067123413086 
188    0.43735033273696899 0.393108069896698  -10.603130340576172         -2.0978565216064453 -4.7440519332885742 3.3620033264160156 
189    0.43410229682922363 0.83714455366134644  -7.4826083183288574         -3.0934040546417236 2.5301856994628906 1.0635848045349121 
190    0.44408592581748962 0.06418260931968689  -3.8939032554626465         3.8304500579833984 2.5653295516967773 0.80772972106933594 
191    0.44143006205558777 0.13461396098136902  -4.1223001480102539         -4.3344407081604004 -1.1720836162567139 -3.2509219646453857 
192    0.44549664855003357 0.29736953973770142  -10.688040733337402         -4.2249579429626465 2.6156463623046875 3.3171348571777344 
193    0.43977084755897522 0.36148214340209961  -8.0892343521118164         1.7893319129943848 -2.376234769821167 -4.394810676574707 
194    0.44773927330970764 0.38133600354194641  -1.4499589204788208         2.8448419570922852 3.5449705123901367 2.426182746887207 
195    0.44188326597213745 0.40446645021438599  -1.2246987819671631         -3.5152952671051025 -2.5634548664093018 -3.1054558753967285 
196    0.44859302043914795 0.42057877779006958  -2.01127028465271         -1.3973555564880371 -2.6037282943725586 -1.1328482627868652 
197    0.44307217001914978 0.47454825043678284  -9.944366455078125         4.698552131652832 -2.7225914001464844 2.9331278800964355 
198    0.44144958257675171 0.55330592393875122  -3.9626400470733643         -1.0821559429168701 -2.3351738452911377 -4.1544671058654785 
199    0.44746413826942444 0.65871143341064453  -10.579018592834473         1.0158796310424805 -4.4770841598510742 3.5983676910400391 
200    0.44523224234580994 0.66842436790466309  -3.3856265544891357         -2.9183409214019775 -0.79355859756469727 -0.49939775466918945 
201    0.4482475221157074 0.74068975448608398  -11.326123237609863         -4.7152619361877441 3.6998710632324219 -2.826812744140625 
202    0.43939915299415588 0.82879608869552612  -2.8584322929382324         -3.0497474670410156 -1.5739483833312988 -0.86551618576049805 
203    0.45133781433105469 0.056367069482803345  -5.7588081359863281         0.0070924758911132812 4.2537107467651367 0.86723566055297852 
204    0.45271101593971252 0.16889959573745728  -8.1490287780761719         2.0971684455871582 -3.500877857208252 1.90087890625 
205    0.45682227611541748 0.30052047967910767  -5.862825870513916         3.9275417327880859 2.8150391578674316 -0.46848011016845703 
206    0.45643928647041321 0.34519475698471069  -10.473882675170898         -0.067442893981933594 -4.6871232986450195 3.4547090530395508 
207    0.45628583431243896 0.36398249864578247  -3.9557089805603027         -0.92927026748657227 1.419459342956543 -1.4861094951629639 
208    0.45042425394058228 0.41537222266197205  -10.91668701171875         3.8213653564453125 -0.87914657592773438 -4.6742744445800781 
209    0.45021745562553406 0.47374415397644043  -10.262835502624512         -3.8286404609680176 3.8645610809326172 1.9242095947265625 
210    0.45903390645980835 0.55605757236480713  -3.9564461708068848         2.4899334907531738 -0.35151863098144531 0.029141426086425781 
211    0.45553237199783325 0.57959240674972534  -5.8868403434753418         1.9021792411804199 -2.2251911163330078 -1.9005706310272217 
212    0.45418632030487061 0.60932773351669312  -2.8039026260375977         0.85742473602294922 -0.39193248748779297 1.7864232063293457 
213    0.45367705821990967 0.61210298538208008  -5.7112002372741699         -1.2323677539825439 -4.4221992492675781 -0.13643455505371094 
214    0.4552270770072937 0.63003170490264893  -10.825247764587402         -4.5649809837341309 3.4504680633544922 -2.8474166393280029 
215    0.450071781873703 0.63257920742034912  -12.99919319152832         -3.7059726715087891 -4.6164603233337402 4.5808343887329102 
216    0.45779013633728027 0.66597867012023926  -0.84054374694824219         2.9961056709289551 2.7583436965942383 3.406123161315918 
217    0.45887294411659241 0.68225657939910889  -4.8594412803649902         3.1640605926513672 1.5957174301147461 -0.60708189010620117 
218    0.45224592089653015 0.8252338171005249  -4.7326841354370117         -1.0006880760192871 2.2852044105529785 -0.81190204620361328 
219    0.45841273665428162 0.95039862394332886  -5.5772385597229004         2.995018482208252 -1.2761654853820801 0.15218544006347656 
220    0.46364492177963257 0.27258932590484619  -7.0462989807128906         -3.5043830871582031 1.7355203628540039 0.54574108123779297 
221    0.46461784839630127 0.30235040187835693  -7.0997428894042969         -0.046095848083496094 0.61548709869384766 -4.4749546051025391 
222    0.46274641156196594 0.3087698221206665  -2.0707707405090332         -4.0198955535888672 -3.5709543228149414 -2.4523038864135742 
223    0.46334663033485413 0.32696053385734558  -2.2401902675628662         -2.0395035743713379 -1.934816837310791 -0.47721958160400391 
224    0.46203768253326416 0.38694894313812256  -3.5619394779205322         1.4539284706115723 -0.96413183212280273 -0.93810844421386719 
225    0.46410858631134033 0.44478964805603027  -8.0857639312744141         -0.48944187164306641 -4.9257874488830566 1.1716432571411133 
226    0.47965121269226074 0.10321971774101257  -1.5154367685317993         1.7330594062805176 2.7906904220581055 2.7181239128112793 
227    0.46983945369720459 0.3309960663318634  -7.0764608383178711         -2.0194993019104004 -3.8891463279724121 1.5412716865539551 
228    0.47371429204940796 0.35244816541671753  -5.5848526954650879         0.0089635848999023438 -0.65232324600219727 3.4056816101074219 
229    0.47421395778656006 0.4168688952922821  -2.7603452205657959         3.5993022918701172 1.6621866226196289 1.8184852600097656 
230    0.47634243965148926 0.42592471837997437  -7.9284458160400391         -0.36222982406616211 -2.9559526443481445 3.200465202331543 
231    0.47794350981712341 0.48031499981880188  -5.1988410949707031         0.3625946044921875 3.812652587890625 3.9304723739624023 
232    0.47420290112495422 0.58479928970336914  -3.8708298206329346         2.3381824493408203 -0.38655900955200195 2.0998287200927734 
233    0.47749176621437073 0.67277342081069946  -8.7908420562744141         -0.92795133590698242 4.0856637954711914 -2.4686985015869141 
234    0.47962388396263123 0.6896929144859314  -5.3762340545654297         4.6072368621826172 0.98203277587890625 0.97199487686157227 
235    0.48533087968826294 0.066965460777282715  -6.1124114990234375         1.8860349655151367 4.8487205505371094 0.13446807861328125 
236    0.48122602701187134 0.27655798196792603  -3.6738402843475342         -1.8640816211700439 0.38588762283325195 -2.274404764175415 
237    0.4815213680267334 0.33884549140930176  -3.3560559749603271         1.849337100982666 -0.46147632598876953 -0.36930465698242188 
238    0.48986318707466125 0.38079437613487244  -11.656800270080566         -4.0371723175048828 -4.8930907249450684 3.3709936141967773 
239    0.48199304938316345 0.47279340028762817  -10.298015594482422         -4.2186899185180664 3.8105983734130859 -0.18171501159667969 
240    0.48867908120155334 0.56434190273284912  -11.192885398864746         2.4150938987731934 -4.8280673027038574 3.0093879699707031 
241    0.48686286807060242 0.66435748338699341  -6.0448894500732422         -2.8649773597717285 -2.5272476673126221 1.375129222869873 
242    0.48721665143966675 0.68235009908676147  -8.7274131774902344         -2.5850894451141357 3.5503654479980469 3.0312585830688477 
243    0.48899468779563904 0.79893350601196289  -5.5787200927734375         0.59762001037597656 -2.963066577911377 -3.3463122844696045 
244    0.4821077287197113 0.80888539552688599  -13.996827125549316         4.9374246597290039 4.3598394393920898 -4.7893009185791016 
245    0.4840143620967865 0.84827882051467896  -1.5759057998657227         1.1913013458251953 0.42221975326538086 -0.023128509521484375 
246    0.48635771870613098 0.86720043420791626  -7.7281875610351562         1.2883853912353516 -1.8059875965118408 4.2189130783081055 
247    0.49003759026527405 0.15428456664085388  -8.2599039077758789         2.1259222030639648 0.51064682006835938 -4.0808353424072266 
248    0.49912190437316895 0.52997696399688721  -2.4951796531677246         2.8409738540649414 3.7802295684814453 1.8351259231567383 
249    0.49971678853034973 0.57244652509689331  -5.9652729034423828         -0.72730302810668945 -4.7010641098022461 -4.8073854446411133 
250    0.49715942144393921 0.61406248807907104  -4.9757833480834961         1.0301108360290527 -2.8376789093017578 -0.64179754257202148 
251    0.49974605441093445 0.68817096948623657  -6.414060115814209         -1.3322296142578125 -1.1220593452453613 3.100041389465332 
252    0.49659499526023865 0.78991889953613281  -10.143960952758789         -2.9790058135986328 4.8084535598754883 -0.28250360488891602 
253    0.50456905364990234 0.32731124758720398  -4.5670089721679688         0.41624116897583008 2.0323934555053711 3.9722166061401367 
254    0.50795316696166992 0.37348848581314087  -2.0517749786376953         -1.4033427238464355 -0.1303706169128418 0.072241783142089844 
255    0.50275230407714844 0.53064918518066406  -8.8921728134155273         -2.5667991638183594 3.2677793502807617 -2.892996072769165 
256    0.50209784507751465 0.54772138595581055  -6.0686769485473633         0.34657955169677734 -0.31072998046875 -4.0401406288146973 
257    0.50850963592529297 0.55091184377670288  -4.6512260437011719         -2.5434985160827637 -0.68855381011962891 1.082726001739502 
258    0.50796699523925781 0.56603193283081055  -5.6371192932128906         2.3339452743530273 3.1666288375854492 -0.98717260360717773 
259    0.50447934865951538 0.5752565860748291  -2.8221988677978516         0.025052070617675781 1.6722602844238281 2.1122007369995117 
260    0.50785166025161743 0.67077261209487915  -3.5096995830535889         -1.021353006362915 -0.70978927612304688 1.4888982772827148 
261    0.50850129127502441 0.81839311122894287  -11.662082672119141         4.7229175567626953 -3.2517514228820801 -3.0477960109710693 
262    0.51213949918746948 0.11108380556106567  -8.6235103607177734         1.7260022163391113 -4.9977211952209473 -1.6347322463989258 
263    0.51899552345275879 0.1209428608417511  -8.5834884643554688         1.7225866317749023 -4.9697880744934082 -1.6615877151489258 
264    0.5150635838508606 0.36842122673988342  -8.6065750122070312         3.5818138122558594 -0.96656608581542969 -2.9652533531188965 
265    0.51800018548965454 0.64711016416549683  -11.562551498413086         3.4495162963867188 -4.0541400909423828 4.0252590179443359 
266    0.51060867309570312 0.86685609817504883  -6.3242945671081543         -0.77172136306762695 3.9271411895751953 2.8726339340209961 
267    0.51843732595443726 0.99162399768829346  -2.0413029193878174         3.0628814697265625 4.3865642547607422 4.4900884628295898 
268    0.5254439115524292 0.25201594829559326  -8.6691427230834961         1.7236590385437012 -2.6797084808349609 3.963134765625 
269    0.52580541372299194 0.40888711810112  -12.040586471557617         4.2081241607666016 -4.7475214004516602 -2.7086155414581299 
270    0.52437704801559448 0.41462984681129456  -8.8923501968383789         2.6169805526733398 3.3847560882568359 -2.9666488170623779 
271    0.52769100666046143 0.65043449401855469  -2.5905487537384033         0.85742473602294922 -0.39193248748779297 1.607210636138916 
272    0.53434532880783081 0.31064391136169434  -7.4156975746154785         -3.3111157417297363 -0.29650640487670898 2.4690923690795898 
273    0.53669273853302002 0.60299122333526611  -4.7566652297973633         -3.266740083694458 -1.0283088684082031 -4.708427906036377 
274    0.54038238525390625 0.63450741767883301  -6.1697869300842285         -3.4612846374511719 0.96149063110351562 -2.8886256217956543 
275    0.53152501583099365 0.69710642099380493  -4.6135010719299316         -0.94183731079101562 -3.607396125793457 -4.3664140701293945 
276    0.53827506303787231 0.79234278202056885  -1.6409590244293213         1.158332347869873 0.38430213928222656 -0.11095428466796875 
277    0.54972517490386963 0.33144956827163696  -3.4177837371826172         2.5828084945678711 3.548792839050293 0.91494846343994141 
278    0.54302877187728882 0.35517102479934692  -6.0448527336120605         1.9872384071350098 -1.1510524749755859 -2.6271822452545166 
279    0.54302603006362915 0.37568327784538269  -4.4702210426330566         -2.8969285488128662 -0.49450540542602539 0.49114656448364258 
280    0.54410672187805176 0.42262578010559082  -3.4248945713043213         2.1423912048339844 1.8417081832885742 -0.30585956573486328 
281    0.54462975263595581 0.47418826818466187  -10.681027412414551         4.0612592697143555 -4.266298770904541 -0.17363500595092773 
282    0.54398584365844727 0.48373901844024658  -11.098490715026855         4.7061338424682617 -2.728299617767334 -2.8462681770324707 
283    0.54063814878463745 0.61892944574356079  -7.0920071601867676         1.7975883483886719 -2.5352392196655273 -3.3441300392150879 
284    0.54124736785888672 0.70103555917739868  -3.9153742790222168         -0.59702253341674805 1.9664955139160156 2.1203527450561523 
285    0.54921936988830566 0.79986810684204102  -12.414424896240234         -4.9095377922058105 4.5014562606811523 -2.1647157669067383 
286    0.55507087707519531 0.30308476090431213  -7.416590690612793         -3.3111157417297363 -0.27423858642578125 2.4690923690795898 
287    0.55372524261474609 0.47949272394180298  -7.7423534393310547         -4.5427846908569336 1.2689166069030762 -3.0509004592895508 
288    0.55430853366851807 0.48998391628265381  -10.133378982543945         -3.6196103096008301 3.8109588623046875 -2.2300286293029785 
289    0.55534321069717407 0.50287622213363647  -4.7418498992919922         -2.7078893184661865 -0.67949485778808594 0.98328495025634766 
290    0.55885428190231323 0.52044153213500977  -7.93414306640625         -3.4014153480529785 1.152069091796875 -4.7511558532714844 
291    0.55111831426620483 0.59607887268066406  -2.205589771270752         -1.4360725879669189 -3.0271801948547363 -2.7966804504394531 
292    0.55726230144500732 0.65359687805175781  -8.8589887619018555         -3.1603262424468994 1.5801782608032227 3.5606813430786133 
293    0.55921709537506104 0.68274009227752686  -4.9314889907836914         -3.1881856918334961 -0.63098573684692383 -4.3963398933410645 
294    0.55605161190032959 0.81293052434921265  -7.4159302711486816         4.6120834350585938 -0.81689214706420898 0.17427158355712891 
295    0.56093621253967285 0.16605177521705627  -8.1892728805541992         -3.573206901550293 1.9713587760925293 -3.5433592796325684 
296    0.56458574533462524 0.29402440786361694  -7.045802116394043         -0.28550338745117188 3.3863744735717773 -1.9882969856262207 
297    0.56972324848175049 0.34869274497032166  -0.90236228704452515         0.60871362686157227 -0.034253120422363281 0.039839267730712891 
298    0.56169390678405762 0.38204938173294067  -4.033473014831543         -4.6901760101318359 -2.497525691986084 -1.6414306163787842 
299    0.56449699401855469 0.41212370991706848  -2.2269363403320312         -4.5413064956665039 -4.7575178146362305 -3.1574053764343262 
300    0.56971627473831177 0.55841988325119019  -7.5048308372497559         0.72004508972167969 3.1340198516845703 -2.6891908645629883 
301    0.56587737798690796 0.61576563119888306  -11.358543395996094         -4.2582464218139648 -0.49267005920410156 4.5664291381835938 
302    0.56666779518127441 0.64907187223434448  -7.3824291229248047         -1.8503360748291016 3.3325424194335938 -1.4274141788482666 
303    0.56977337598800659 0.76614367961883545  -7.1952290534973145         -3.1435477733612061 1.0361318588256836 -4.2944793701171875 
304    0.5676569938659668 0.79773759841918945  -2.7013635635375977         -3.4907577037811279 -2.9135663509368896 -1.4479279518127441 
305    0.56446254253387451 0.82339441776275635  -8.1422796249389648         -3.2152411937713623 0.52143478393554688 3.0978260040283203 
306    0.56380224227905273 0.92825210094451904  -9.4862699508666992         -2.8392300605773926 2.2428426742553711 4.3557949066162109 
307    0.56518566608428955 0.9367746114730835  -11.48005199432373         4.9998636245727539 -3.3980460166931152 -1.8816461563110352 
308    0.5716559886932373 0.055974006652832031  -10.210233688354492         4.0850486755371094 -3.7284045219421387 -1.1423780918121338 
309    0.57936108112335205 0.17520889639854431  -4.5949721336364746         0.29197931289672852 -0.12674713134765625 -2.9988162517547607 
310    0.57495957612991333 0.20990175008773804  -6.2907891273498535         3.921173095703125 2.5349235534667969 -0.84654712677001953 
311    0.57237541675567627 0.33547347784042358  -3.5555756092071533         -1.7322068214416504 -4.4575934410095215 -2.6552238464355469 
312    0.57670426368713379 0.37893879413604736  -2.4771254062652588         -4.5827465057373047 -2.6819291114807129 -3.3358263969421387 
313    0.57492625713348389 0.39079806208610535  -8.7222299575805664         1.6591482162475586 -4.4690899848937988 -3.9585187435150146 
314    0.57371664047241211 0.40322870016098022  -10.941708564758301         -2.6084895133972168 -2.6876678466796875 4.7398519515991211 
315    0.57224529981613159 0.53037410974502563  -6.9591712951660156         1.0197830200195312 -0.066419124603271484 -4.1272931098937988 
316    0.58071082830429077 0.71575671434402466  -6.6078519821166992         -1.0981085300445557 4.0533809661865234 1.4077701568603516 
317    0.57964885234832764 0.75582224130630493  -9.7627077102661133         2.871063232421875 -1.7645013332366943 -4.6754875183105469 
318    0.57457363605499268 0.82963991165161133  -6.3866481781005859         -1.1198673248291016 0.91724777221679688 3.833827018737793 
319    0.57394558191299438 0.93040752410888672  -10.88221263885498         -2.9826788902282715 -1.8047013282775879 4.8832244873046875 
320    0.58314108848571777 0.2510867714881897  -6.2964348793029785         1.8270406723022461 -2.7115285396575928 -2.0630578994750977 
321    0.58259624242782593 0.31042385101318359  -4.6815581321716309         -3.8558857440948486 -3.3139104843139648 -0.45877504348754883 
322    0.58252489566802979 0.35231417417526245  -7.0881247520446777         2.4003605842590332 1.5092124938964844 -2.7687475681304932 
323    0.58782470226287842 0.50697427988052368  -6.3864579200744629         0.51063442230224609 -4.1510810852050781 -0.30434799194335938 
324    0.59009212255477905 0.6017799973487854  -5.8026123046875         -3.1881856918334961 -0.016406059265136719 -4.3963398933410645 
325    0.58763593435287476 0.81406259536743164  -11.46953010559082         0.68428468704223633 -4.8506474494934082 3.9998321533203125 
326    0.5934450626373291 0.31362548470497131  -11.388725280761719         4.316497802734375 -3.6565895080566406 3.7152042388916016 
327    0.59295153617858887 0.33272087574005127  -6.1220316886901855         4.0976362228393555 2.6151771545410156 -0.57299995422363281 
328    0.5999111533164978 0.38713309168815613  -7.1988391876220703         -1.9600570201873779 3.552342414855957 1.7119350433349609 
329    0.59834712743759155 0.40284597873687744  -5.0111870765686035         -1.1805269718170166 -0.12461519241333008 -3.9104056358337402 
330    0.59453248977661133 0.49583929777145386  -7.968076229095459         1.4849929809570312 1.6492390632629395 -3.811345100402832 
331    0.59929215908050537 0.61146998405456543  -9.9315595626831055         2.7180366516113281 4.9538908004760742 -2.5845723152160645 
332    0.59261822700500488 0.83858942985534668  -9.3282489776611328         -4.8310160636901855 2.2615504264831543 0.11035394668579102 
333    0.60247266292572021 0.12344357371330261  -2.2584235668182373         1.8934102058410645 2.6388049125671387 0.88450384140014648 
334    0.60858774185180664 0.15286576747894287  -11.004645347595215         4.3608779907226562 -4.0845246315002441 -1.1742153167724609 
335    0.60460132360458374 0.18675118684768677  -6.803184986114502         -1.8028833866119385 2.6047191619873047 -2.1549472808837891 
336    0.60361456871032715 0.47837904095649719  -1.2544842958450317         2.3883562088012695 3.0692520141601562 3.3369331359863281 
337    0.60527920722961426 0.6393667459487915  -6.1013469696044922         -1.2617776393890381 3.4657707214355469 1.5612716674804688 
338    0.6015545129776001 0.84341013431549072  -10.381570816040039         -2.9430041313171387 4.4764289855957031 -2.0358633995056152 
339    0.60154831409454346 0.84636825323104858  -10.377896308898926         -2.9430041313171387 4.4764289855957031 -2.029651403427124 
340    0.60899066925048828 0.8671649694442749  -8.5917558670043945         3.0787868499755859 4.412445068359375 -1.9397258758544922 
341    0.62024366855621338 0.13648343086242676  -3.1112303733825684         -1.7850728034973145 0.53453922271728516 -0.010458946228027344 
342    0.62063831090927124 0.2990376353263855  -8.0008401870727539         -1.764101505279541 3.8716449737548828 3.3701057434082031 
343    0.61547058820724487 0.35370159149169922  -5.9695830345153809         4.5192718505859375 2.1480374336242676 -0.13491392135620117 
344    0.61463892459869385 0.37219953536987305  -1.0646318197250366         0.72089290618896484 -0.051680088043212891 0.0716705322265625 
345    0.61679065227508545 0.39531847834587097  -9.1661577224731445         -0.48520803451538086 -4.6142559051513672 2.502103328704834 
346    0.61236459016799927 0.41921207308769226  -0.75670361518859863         4.1525106430053711 3.6128635406494141 3.6761436462402344 
347    0.61361503601074219 0.49198916554450989  -10.938290596008301         -3.4009876251220703 -3.9760642051696777 3.6806049346923828 
348    0.61691498756408691 0.50645112991333008  -4.0129623413085938         -0.7540278434753418 -0.24117422103881836 2.1754531860351562 
349    0.62073290348052979 0.52797156572341919  -7.6641855239868164         -1.5775375366210938 1.6569609642028809 -4.3117966651916504 
350    0.61131513118743896 0.5808376669883728  -2.4416961669921875         3.0143413543701172 1.4474701881408691 3.1673765182495117 
351    0.61271530389785767 0.60974973440170288  -1.576053261756897         0.8336787223815918 0.16470003128051758 -0.39349937438964844 
352    0.61709761619567871 0.62018108367919922  -4.8541617393493652         -1.2537398338317871 1.1996068954467773 -2.5229041576385498 
353    0.61893510818481445 0.70618897676467896  -12.13166618347168         -1.176976203918457 4.9187288284301758 -4.393035888671875 
354    0.61495804786682129 0.92034012079238892  -10.600749015808105         3.0204181671142578 -3.5080242156982422 4.1461668014526367 
355    0.61524057388305664 0.9287559986114502  -5.7477865219116211         2.8702235221862793 0.4001617431640625 4.8735847473144531 
356    0.62419819831848145 0.075958251953125  -5.1269416809082031         0.25355243682861328 0.12791204452514648 -3.2694592475891113 
357    0.62802678346633911 0.30246150493621826  -3.7146608829498291         4.5742053985595703 2.0653510093688965 2.0665054321289062 
358    0.6260877251625061 0.33084875345230103  -5.0054259300231934         -4.3718595504760742 -0.67617654800415039 -3.6102185249328613 
359    0.62991970777511597 0.41105073690414429  -8.0523834228515625         2.7866830825805664 3.95770263671875 -1.9696636199951172 
360    0.62927806377410889 0.42070257663726807  -10.209737777709961         4.8874788284301758 -2.1238794326782227 -1.8828310966491699 
361    0.63066655397415161 0.45295605063438416  -6.4436745643615723         -1.1033556461334229 3.478785514831543 2.9721665382385254 
362    0.63117522001266479 0.49974766373634338  -4.5320644378662109         -2.7454867362976074 -0.51580142974853516 0.74344873428344727 
363    0.62928485870361328 0.5372314453125  -5.8241186141967773         2.6971025466918945 4.0839014053344727 -0.35428380966186523 
364    0.62703686952590942 0.64823704957962036  -4.0146808624267578         0.76039886474609375 0.84256458282470703 3.5114097595214844 
365    0.62729024887084961 0.66303282976150513  -5.3736824989318848         3.1640605926513672 1.5957174301147461 -0.98482704162597656 
366    0.63339775800704956 0.39499899744987488  -4.2844223976135254         -1.9244825839996338 -1.2046644687652588 1.2604670524597168 
367    0.63595366477966309 0.424998939037323  -5.3635058403015137         -1.8640816211700439 1.5349202156066895 -2.274404764175415 
368    0.63562148809432983 0.48821038007736206  -1.125787615776062         2.590949535369873 3.3545007705688477 3.3477001190185547 
369    0.63375300168991089 0.55972450971603394  -8.3019170761108398         -1.0855221748352051 3.4603815078735352 -2.8032662868499756 
370    0.63635110855102539 0.72599261999130249  -4.9562773704528809         4.5655336380004883 0.73340654373168945 3.0810422897338867 
371    0.65051853656768799 0.074502468109130859  -7.6657199859619141         -1.7031316757202148 4.2090463638305664 0.4930572509765625 
372    0.64359253644943237 0.079864382743835449  -3.3954424858093262         -2.0463979244232178 -1.1380658149719238 -3.7457888126373291 
373    0.64821308851242065 0.34571674466133118  -8.8261508941650391         -1.2403130531311035 -2.1095860004425049 4.2370586395263672 
374    0.64419466257095337 0.38627055287361145  -3.6920030117034912         2.3666830062866211 0.32376194000244141 -0.41113567352294922 
375    0.64149737358093262 0.41520911455154419  -6.747553825378418         4.5856695175170898 -0.49934577941894531 3.2118873596191406 
376    0.64766693115234375 0.42909377813339233  -12.016180992126465         4.5932521820068359 -0.50505352020263672 -4.7631592750549316 
377    0.6512066125869751 0.47216591238975525  -13.510541915893555         4.5159835815429688 -4.6167335510253906 -4.5969095230102539 
378    0.64677727222442627 0.55698710680007935  -8.2146167755126953         3.0956630706787109 3.95770263671875 -1.9696636199951172 
379    0.64894384145736694 0.58660745620727539  -6.9064149856567383         0.51511859893798828 -4.5122160911560059 -0.32751083374023438 
380    0.6431725025177002 0.71715700626373291  -4.0175690650939941         -1.2195239067077637 -3.0156705379486084 -4.3401503562927246 
381    0.64882123470306396 0.85467171669006348  -7.6628909111022949         -1.343266487121582 2.6895694732666016 -3.1446013450622559 
382    0.65778994560241699 0.33989119529724121  -7.6216402053833008         -1.5034162998199463 -2.3585524559020996 3.1618680953979492 
383    0.65875661373138428 0.38067173957824707  -8.0008430480957031         4.2644557952880859 -1.4948906898498535 3.4606189727783203 
384    0.65190500020980835 0.51067757606506348  -3.5957844257354736         0.63984394073486328 1.4178009033203125 3.3614835739135742 
385    0.65869253873825073 0.55391240119934082  -7.788477897644043         0.19799423217773438 -3.0310430526733398 3.0374412536621094 
386    0.65901970863342285 0.56488174200057983  -9.0554924011230469         4.6274423599243164 -2.4181613922119141 1.50213623046875 
387    0.6547006368637085 0.61247473955154419  -6.7409281730651855         4.6295528411865234 2.6188144683837891 -0.58127784729003906 
388    0.65730834007263184 0.63802385330200195  -11.987253189086914         4.1473102569580078 -4.6773800849914551 2.4014878273010254 
389    0.65417015552520752 0.64641577005386353  -6.5245776176452637         -1.5520138740539551 3.3919134140014648 -0.11823701858520508 
390    0.66104680299758911 0.75254571437835693  -8.9105920791625977         0.97777271270751953 2.4667930603027344 -4.1546688079833984 
391    0.66476738452911377 0.23948150873184204  -4.4366292953491211         2.1167917251586914 2.3153471946716309 -0.77476882934570312 
392    0.66550737619400024 0.28385370969772339  -10.306163787841797         3.8575658798217773 -3.1208357810974121 -3.0820813179016113 
393    0.66384369134902954 0.38349103927612305  -11.295029640197754         4.3597831726074219 0.47368907928466797 -4.4273972511291504 
394    0.66478061676025391 0.44208496809005737  -4.0447988510131836         0.33657169342041016 3.4657707214355469 1.5612716674804688 
395    0.67156982421875 0.49221882224082947  -3.2193970680236816         1.1730246543884277 3.6831750869750977 2.4315333366394043 
396    0.66502904891967773 0.50188302993774414  -3.5546364784240723         -1.4947733879089355 -4.2292575836181641 -2.4708414077758789 
397    0.66380476951599121 0.68130958080291748  -6.5587430000305176         4.4440650939941406 -0.66879081726074219 1.9741101264953613 
398    0.66607832908630371 0.69743382930755615  -10.417328834533691         3.2169561386108398 -4.2868289947509766 -3.2274129390716553 
399    0.6757926344871521 0.25363349914550781  -7.9347238540649414         4.4440650939941406 -1.7032172679901123 1.9741101264953613 
400    0.67894744873046875 0.32134243845939636  -3.772017240524292         2.1659641265869141 0.39971351623535156 3.3193826675415039 
401    0.67987918853759766 0.5500791072845459  -8.5753240585327148         4.6353664398193359 -1.667607307434082 -0.44818496704101562 
402    0.67419373989105225 0.56070578098297119  -1.9076752662658691         2.8011965751647949 2.2559223175048828 3.7270145416259766 
403    0.6917870044708252 0.11040842533111572  -5.0903477668762207         2.0761575698852539 -1.5686929225921631 -1.1066315174102783 
404    0.68263876438140869 0.2254047691822052  -6.9317750930786133         4.1959056854248047 -1.1972823143005371 1.8044166564941406 
405    0.68529683351516724 0.48083037137985229  -7.6014800071716309         2.3716874122619629 2.6627635955810547 -2.6093831062316895 
406    0.69012290239334106 0.63398325443267822  -6.1843280792236328         0.50264263153076172 -2.6818039417266846 -4.2252655029296875 
407    0.6852114200592041 0.66077131032943726  -11.785985946655273         2.5584597587585449 -4.729093074798584 3.7627553939819336 
408    0.68251866102218628 0.66198110580444336  -11.359702110290527         -3.290614128112793 4.9611978530883789 3.6222572326660156 
409    0.68828469514846802 0.74162495136260986  -3.6771361827850342         0.67349433898925781 -0.91961908340454102 -2.1873974800109863 
410    0.68871372938156128 0.84449911117553711  -10.555956840515137         2.9874491691589355 -3.5456879138946533 4.0560588836669922 
411    0.69590741395950317 0.28114527463912964  -6.9745984077453613         -2.1511940956115723 2.9548120498657227 -1.2186834812164307 
412    0.6994394063949585 0.35941517353057861  -5.6578278541564941         0.20046043395996094 4.4633102416992188 3.3149204254150391 
413    0.69566655158996582 0.44443702697753906  -3.787670373916626         4.2707481384277344 2.6344852447509766 1.3234906196594238 
414    0.69782936573028564 0.45262718200683594  -3.8058669567108154         2.2761969566345215 0.64436531066894531 -0.68612051010131836 
415    0.70157593488693237 0.51730829477310181  -11.473649024963379         -3.9708578586578369 -0.92665863037109375 4.8363218307495117 
416    0.69590413570404053 0.58911037445068359  -4.2343049049377441         -3.0504934787750244 0.16583824157714844 -2.0874669551849365 
417    0.70061534643173218 0.71220278739929199  -4.9266252517700195         -1.3436474800109863 2.4130887985229492 1.2287945747375488 
418    0.70837622880935669 0.20266032218933105  -8.7878932952880859         -1.4994096755981445 -4.0758371353149414 2.7108163833618164 
419    0.71000075340270996 0.33541002869606018  -7.5287747383117676         0.6311798095703125 -4.2884235382080078 0.94486427307128906 
420    0.70813614130020142 0.36678850650787354  -5.2491559982299805         -3.4465651512145996 0.30106163024902344 -0.14817333221435547 
421    0.70828604698181152 0.44028070569038391  -1.3544318675994873         -1.5372605323791504 -2.1437826156616211 -2.5892026424407959 
422    0.70865368843078613 0.50522720813751221  -4.374671459197998         0.45946025848388672 -2.8359920978546143 -0.42618751525878906 
423    0.70534127950668335 0.71731972694396973  -12.490675926208496         -4.995089054107666 3.7919120788574219 3.0352611541748047 
424    0.70681089162826538 0.84364461898803711  -9.8260936737060547         4.6184072494506836 -3.0099620819091797 0.18902397155761719 
425    0.71120131015777588 0.89797365665435791  -2.0218641757965088         2.9721589088439941 4.4171772003173828 4.2403936386108398 
426    0.71761953830718994 0.33202117681503296  -6.1454601287841797         -1.5890243053436279 0.53745269775390625 -4.2444028854370117 
427    0.71527951955795288 0.65888887643814087  -3.9331927299499512         -3.4632506370544434 -3.4373455047607422 -0.79455471038818359 
428    0.71482169628143311 0.84100764989852905  -3.4131441116333008         0.88415861129760742 2.6202116012573242 0.0054311752319335938 
429    0.73186576366424561 0.43245828151702881  -8.3806819915771484         4.2602643966674805 1.2620401382446289 -2.266937255859375 
430    0.72388380765914917 0.50944828987121582  -9.2390947341918945         2.5357990264892578 -1.9847118854522705 -4.5817837715148926 
431    0.72784578800201416 0.67037510871887207  -4.2264723777770996         -3.3334798812866211 -3.7520413398742676 -0.71200323104858398 
432    0.72403013706207275 0.78235584497451782  -7.2108378410339355         1.1154980659484863 -4.0600576400756836 -3.3742878437042236 
433    0.72378629446029663 0.82916498184204102  -3.1843624114990234         0.63216924667358398 -1.3823060989379883 0.88182353973388672 
434    0.73785758018493652 0.12057456374168396  -2.509732723236084         -1.6323099136352539 0.16150093078613281 -1.4125833511352539 
435    0.74121946096420288 0.20628917217254639  -4.4938979148864746         -1.4989876747131348 1.9622020721435547 0.70382881164550781 
436    0.73434674739837646 0.21676748991012573  -6.3160152435302734         -0.090714454650878906 1.0563249588012695 -3.6647026538848877 
437    0.73607373237609863 0.26970607042312622  -10.45351505279541         4.2824859619140625 -3.2423999309539795 -2.1921405792236328 
438    0.7381632924079895 0.38128340244293213  -11.608929634094238         4.3793125152587891 0.046164989471435547 -4.6694393157958984 
439    0.74220395088195801 0.41188263893127441  -5.4503641128540039         -3.2498118877410889 -3.8929338455200195 0.066527843475341797 
440    0.73418116569519043 0.55093324184417725  -11.211822509765625         -3.8116867542266846 4.9185619354248047 0.94287109375 
441    0.73690402507781982 0.58333396911621094  -4.9696459770202637         0.26462125778198242 1.3190517425537109 4.0208902359008789 
442    0.73662269115447998 0.61516755819320679  -9.6375980377197266         -3.2793617248535156 2.6339244842529297 3.6928119659423828 
443    0.73855704069137573 0.66033220291137695  -6.4325299263000488         -1.0720565319061279 -0.22739648818969727 -4.9311704635620117 
444    0.7508234977722168 0.33609914779663086  -6.5475926399230957         4.1564474105834961 2.5349235534667969 -0.84654712677001953 
445    0.74713671207427979 0.4158574640750885  -8.761082649230957         -4.0650758743286133 1.2647218704223633 2.3000578880310059 
446    0.7456013560295105 0.42107194662094116  -9.7243051528930664         -3.5369219779968262 3.9318313598632812 1.3281369209289551 
447    0.75036787986755371 0.48107895255088806  -10.574225425720215         2.9617476463317871 3.8890571594238281 -3.6694023609161377 
448    0.75846260786056519 0.14095437526702881  -6.8405466079711914         0.27850914001464844 0.19565296173095703 4.8555154800415039 
449    0.76031482219696045 0.21847814321517944  -3.8255782127380371         2.0752782821655273 4.9987850189208984 4.0494899749755859 
450    0.75656509399414062 0.29813158512115479  -9.5438861846923828         -3.5086865425109863 3.8661890029907227 1.0381321907043457 
451    0.7609713077545166 0.31369435787200928  -8.6638727188110352         -2.0679502487182617 -0.84192419052124023 4.2980728149414062 
452    0.75837039947509766 0.41974794864654541  -2.0137379169464111         0.41205453872680664 -1.1570966243743896 -0.32512950897216797 
453    0.75756877660751343 0.55929505825042725  -3.8746538162231445         2.6430511474609375 4.6497879028320312 1.6907005310058594 
454    0.7588045597076416 0.58768010139465332  -9.5455598831176758         -3.5620794296264648 -0.79450273513793945 3.8050260543823242 
455    0.762717604637146 0.7135009765625  -4.3063030242919922         0.42121171951293945 -2.8589866161346436 -1.8396825790405273 
456    0.77505278587341309 0.11796852946281433  -10.216812133789062         4.17523193359375 0.66881561279296875 -3.7724766731262207 
457    0.77899014949798584 0.29688245058059692  -9.6617536544799805         -3.5369219779968262 3.9318313598632812 1.0492477416992188 
458    0.78083562850952148 0.31102430820465088  -3.7206242084503174         -3.5943360328674316 -1.397453784942627 -4.1366119384765625 
459    0.7796216607093811 0.50629395246505737  -4.435401439666748         -3.4973475933074951 -3.8495109081268311 -0.69405031204223633 
460    0.77625852823257446 0.53343945741653442  -5.8904480934143066         -3.4900796413421631 0.94535112380981445 -2.304509162902832 
461    0.77390205860137939 0.65196114778518677  -6.8635530471801758         0.92055797576904297 -4.1860074996948242 -3.0187547206878662 
462    0.78874576091766357 0.66762113571166992  -3.507429838180542         2.4058170318603516 2.7422676086425781 4.9243974685668945 
463    0.79894578456878662 0.1430070698261261  -2.6434345245361328         -3.6221561431884766 -1.7626781463623047 -3.4623434543609619 
464    0.79721564054489136 0.39830523729324341  -1.7795318365097046         4.0500373840332031 2.8961844444274902 2.8057842254638672 
465    0.80133682489395142 0.73070025444030762  -9.616847038269043         -3.6023738384246826 2.9565010070800781 -3.4699027538299561 
466    0.80284214019775391 0.80157792568206787  -9.4529609680175781         -3.2899680137634277 0.77497005462646484 4.0669527053833008 
467    0.80934268236160278 0.43507355451583862  -7.8094525337219238         4.5774507522583008 -1.5001151561737061 1.8617525100708008 
468    0.80737912654876709 0.59492629766464233  -8.1512670516967773         2.3716874122619629 2.6627635955810547 -2.9810378551483154 
469    0.81042289733886719 0.61079245805740356  -12.515517234802246         -1.7690701484680176 -4.9857425689697266 4.6012029647827148 
470    0.80573612451553345 0.68754714727401733  -9.7421789169311523         -1.3331296443939209 4.8117027282714844 -2.1278274059295654 
471    0.81249123811721802 0.69468533992767334  -5.1654305458068848         4.6834316253662109 0.77238178253173828 1.8953495025634766 
472    0.8139035701751709 0.12024301290512085  -8.1991739273071289         -1.8514199256896973 0.61750507354736328 4.4898900985717773 
473    0.81511694192886353 0.27024799585342407  -9.4479694366455078         -3.6982431411743164 2.2361187934875488 3.048762321472168 
474    0.81650340557098389 0.29139265418052673  -3.8896570205688477         -1.8677153587341309 -0.97796297073364258 -3.9337053298950195 
475    0.81358873844146729 0.51911163330078125  -2.294879674911499         2.2498946189880371 3.187199592590332 4.0385160446166992 
476    0.82203221321105957 0.54217034578323364  -11.298182487487793         4.6262474060058594 -3.3715462684631348 3.8253822326660156 
477    0.81985330581665039 0.63070392608642578  -12.386086463928223         2.7802820205688477 3.9389009475708008 -4.943547248840332 
478    0.8258131742477417 0.13740998506546021  -5.8199443817138672         -3.6733288764953613 0.34617471694946289 -3.4874081611633301 
479    0.83208340406417847 0.21394100785255432  -7.5551395416259766         -1.5188405513763428 2.2200489044189453 -3.5915970802307129 
480    0.82927978038787842 0.44783836603164673  -6.3219714164733887         0.23453426361083984 -2.8716020584106445 1.9961080551147461 
481    0.83192288875579834 0.5016026496887207  -4.4303016662597656         -3.780144214630127 -0.84560537338256836 -3.8909945487976074 
482    0.84745699167251587 0.35282382369041443  -5.4581866264343262         0.1894383430480957 -0.97414827346801758 -3.9374899864196777 
483    0.85663503408432007 0.51529216766357422  -7.6150641441345215         -3.4452524185180664 2.1225070953369141 1.124669075012207 
484    0.85877597332000732 0.63054776191711426  -3.4906039237976074         2.7292037010192871 0.04271697998046875 1.0085039138793945 
485    0.85894495248794556 0.74491089582443237  -5.863041877746582         0.50920248031616211 -3.102820873260498 -3.7233712673187256 
486    0.85705935955047607 0.79025638103485107  -2.9978795051574707         4.6431427001953125 2.4841952323913574 2.7878351211547852 
487    0.86490762233734131 0.19757771492004395  -2.477614164352417         2.2027273178100586 2.5223450660705566 0.712615966796875 
488    0.87079489231109619 0.32776394486427307  -6.2200255393981934         2.2399353981018066 4.9143123626708984 0.073451519012451172 
489    0.87036621570587158 0.46621409058570862  -10.992136001586914         4.2116384506225586 -3.2285404205322266 -3.1926510334014893 
490    0.87200450897216797 0.64767992496490479  -6.2579002380371094         0.52147436141967773 2.9029912948608398 -1.9758157730102539 
491    0.87883663177490234 0.67598885297775269  -11.468693733215332         4.524083137512207 2.8903341293334961 -3.9065332412719727 
492    0.88939583301544189 0.46921896934509277  -7.2964115142822266         4.6265316009521484 2.0234928131103516 -1.0558080673217773 
493    0.89368516206741333 0.67475700378417969  -2.1880643367767334         -1.5742053985595703 -3.0947737693786621 -1.664564847946167 
494    0.89877986907958984 0.27236688137054443  -12.50257682800293         -3.7850842475891113 4.5843324661254883 4.7280740737915039 
495    0.89951658248901367 0.45662349462509155  -10.333247184753418         -3.7416195869445801 -1.0123512744903564 4.187870979309082 
496    0.89458441734313965 0.49001127481460571  -12.052658081054688         -3.622744083404541 4.9314804077148438 4.0237216949462891 
497    0.89846199750900269 0.50373643636703491  -4.115715503692627         0.51352262496948242 2.2315478324890137 -0.97471904754638672 
498    0.9128875732421875 0.2506537139415741  -6.4307713508605957         -3.7842371463775635 0.68454790115356445 -3.5191106796264648 
499    0.92281991243362427 0.30989238619804382  -2.5139455795288086         -1.4737894535064697 0.22971057891845703 -1.4617447853088379 
500    0.91983509063720703 0.35250771045684814  -10.430252075195312         -3.4340059757232666 -1.6881961822509766 4.317596435546875 
501    0.92906123399734497 0.24699050188064575  -10.62693977355957         -1.6343507766723633 4.43609619140625 -3.4830806255340576 
502    0.92477989196777344 0.26243600249290466  -3.0283439159393311         2.4229240417480469 4.3233814239501953 4.5866641998291016 
503    0.94882941246032715 0.55567342042922974  -8.3102712631225586         -3.5724232196807861 -3.1846466064453125 2.2228116989135742 
504    0.95566987991333008 0.38277235627174377  -5.6303319931030273         -1.6240785121917725 0.44568300247192383 2.7635359764099121 
505    0.95754599571228027 0.64500105381011963  -7.6943645477294922         -1.2916297912597656 2.3646955490112305 -3.5825576782226562 
506    0.98754322528839111 0.54930990934371948  -3.1176505088806152         0.4523463249206543 2.6490411758422852 2.4521207809448242 
507    0.99513083696365356 0.47403353452682495  -5.7641506195068359         -3.4626579284667969 0.412689208984375 -3.496086597442627 
508    0.99729466438293457 0.51517212390899658  -2.8229975700378418         -1.4828917980194092 -1.5494294166564941 -3.4214825630187988 
509    0.99818688631057739 0.53749054670333862  -10.72438907623291         -1.4758303165435791 4.5150642395019531 -3.5322451591491699 
